name,run,index,step,timestamp,version,cpu_user,cpu_system,cpu_user_system,cpu_idle,cpu_iowait,memory_ram,memory_swap,memory_ram_swap,disk_read_count,disk_write_count,disk_read_bytes,disk_write_bytes,disk_read_time,disk_write_time,disk_busy_time,network_received_count,network_sent_count,network_received_bytes,network_sent_bytes,network_received_error,network_sent_error,network_received_drop,network_sent_drop
rml-star test-case RMLSTARTC002a,1,1,1,0.0,3,0.0,0.0,0.0,0.0,0.0,0,0,0,0,0,0,0,0,0,0,0,0,0,0,0,0,0,0
rml-star test-case RMLSTARTC002a,1,2,1,0.102,3,0.07,0.09,0.16,0.64,0.0,5578559488,3403776,5581963264,0,0,0,0,0,0,0,11,22,1554,4137,0,0,0,0
rml-star test-case RMLSTARTC002a,1,3,1,0.2044,3,0.08,0.19,0.27,1.32,0.02,5568937984,3403776,5572341760,98,456,1605632,27148288,28,40,101,15,26,1995,4513,0,0,0,0
rml-star test-case RMLSTARTC002a,1,4,1,0.3059,3,0.09,0.34,0.43000000000000005,1.95,0.02,5507887104,3403776,5511290880,98,5200,1605632,104906752,28,207,305,21,35,2901,6071,0,0,0,0
rml-star test-case RMLSTARTC002a,1,5,1,0.4076,3,0.11,0.47,0.58,2.61,0.03,5510361088,3403776,5513764864,100,7742,1638400,160579584,29,328,450,22,36,2995,6165,0,0,0,0
rml-star test-case RMLSTARTC002a,1,6,1,0.5101,3,0.34,0.57,0.9099999999999999,3.01,0.08,5508308992,3403776,5511712768,100,7966,1638400,162381824,29,488,644,22,36,2995,6165,0,0,0,0
rml-star test-case RMLSTARTC002a,1,7,1,0.6121,3,0.43,0.63,1.06,3.67,0.08,5544914944,3403776,5548318720,100,7968,1638400,162390016,29,491,644,22,36,2995,6165,0,0,0,0
rml-star test-case RMLSTARTC002a,1,8,1,0.7135,3,0.5,0.85,1.35,4.13,0.1,5545840640,3403776,5549244416,313,8006,12394496,162709504,272,518,727,24,41,3161,6663,0,0,0,0
rml-star test-case RMLSTARTC002a,1,9,1,0.8161,3,0.54,1.3,1.84,4.44,0.11,5576417280,3403776,5579821056,736,8006,45555712,162709504,1089,518,816,25,43,3221,6771,0,0,0,0
rml-star test-case RMLSTARTC002a,1,10,1,0.9204,3,0.65,1.4,2.05,5.03,0.13,5594529792,3403776,5597933568,961,8006,63287296,162709504,1226,518,937,25,43,3221,6771,0,0,0,0
rml-star test-case RMLSTARTC002a,1,11,1,1.022,3,0.81,1.41,2.2199999999999998,5.63,0.16,5605097472,3403776,5608501248,1181,8026,74481664,162873344,1274,527,1059,25,45,3221,7071,0,0,0,0
rml-star test-case RMLSTARTC002a,1,12,1,1.1241,3,0.97,1.43,2.4,6.26,0.17,5616762880,3403776,5620166656,1261,8026,83050496,162873344,1301,527,1126,25,45,3221,7071,0,0,0,0
rml-star test-case RMLSTARTC002a,1,13,1,1.2264,3,1.08,1.52,2.6,6.83,0.19,5621456896,3403776,5624860672,1562,8026,93601792,162873344,1484,527,1255,25,45,3221,7071,0,0,0,0
rml-star test-case RMLSTARTC002a,1,14,1,1.3279,3,1.24,1.64,2.88,7.33,0.2,5635555328,3403776,5638959104,1699,8026,102465536,162873344,1699,527,1333,25,47,3221,7247,0,0,0,0
rml-star test-case RMLSTARTC002a,1,15,1,1.4294,3,1.4,1.73,3.13,7.84,0.23,5640888320,3403776,5644292096,1982,8026,113516544,162873344,1888,527,1472,25,47,3221,7247,0,0,0,0
rml-star test-case RMLSTARTC002a,1,16,1,1.5319,3,1.59,1.8,3.39,8.37,0.25,5652688896,3403776,5656092672,2147,8026,121323520,162873344,1956,527,1566,29,47,3545,7247,0,0,0,0
rml-star test-case RMLSTARTC002a,1,17,1,1.6334,3,1.77,1.82,3.59,8.97,0.25,5662490624,3403776,5665894400,2191,8026,125239296,162873344,1970,527,1603,29,47,3545,7247,0,0,0,0
rml-star test-case RMLSTARTC002a,1,18,1,1.7351,3,2.03,1.84,3.87,9.48,0.26,5675126784,3403776,5678530560,2219,8026,125673472,162873344,1976,527,1615,30,47,3605,7247,0,0,0,0
rml-star test-case RMLSTARTC002a,1,19,1,1.8367,3,2.29,1.93,4.22,9.96,0.26,5693374464,3403776,5696778240,2292,8026,130498560,162873344,2136,527,1649,30,47,3605,7247,0,0,0,0
rml-star test-case RMLSTARTC002a,1,20,1,1.9453,3,2.56,1.94,4.5,10.53,0.26,5701885952,3403776,5705289728,2302,8026,130768896,162873344,2144,527,1664,30,47,3605,7247,0,0,0,0
rml-star test-case RMLSTARTC002a,1,21,1,2.0473,3,2.62,1.95,4.57,11.26,0.27,5703233536,3403776,5706637312,2352,8026,131842048,162873344,2154,527,1688,30,47,3605,7247,0,0,0,0
rml-star test-case RMLSTARTC002a,1,22,1,2.1488,3,2.63,1.96,4.59,12.05,0.27,5703233536,3403776,5706637312,2352,8026,131842048,162873344,2154,527,1688,30,47,3605,7247,0,0,0,0
rml-star test-case RMLSTARTC002a,1,23,1,2.2507,3,2.64,1.98,4.62,12.83,0.27,5703233536,3403776,5706637312,2352,8026,131842048,162873344,2154,527,1688,30,47,3605,7247,0,0,0,0
rml-star test-case RMLSTARTC002a,1,24,1,2.3522,3,2.68,2.02,4.7,13.53,0.28,5591482368,3403776,5594886144,2352,8062,131842048,163143680,2154,552,1720,30,50,3605,7517,0,0,0,0
rml-star test-case RMLSTARTC002a,1,25,1,2.454,3,2.77,2.08,4.85,14.16,0.32,5585551360,3403776,5588955136,2352,8193,131842048,164225024,2154,635,1812,27,40,3339,6573,0,0,0,0
rml-star test-case RMLSTARTC002a,1,26,1,2.5556,3,2.82,2.15,4.97,14.81,0.34,5585936384,3403776,5589340160,2352,8245,131842048,164798464,2154,682,1854,27,40,3339,6573,0,0,0,0
rml-star test-case RMLSTARTC002a,1,27,1,2.657,3,2.88,2.24,5.12,15.47,0.34,5583904768,3403776,5587308544,2352,8245,131842048,164798464,2154,682,1854,27,40,3339,6573,0,0,0,0
rml-star test-case RMLSTARTC002a,1,28,2,2.7586,3,2.99,2.26,5.25,16.14,0.34,5584887808,3403776,5588291584,2352,8245,131842048,164798464,2154,682,1854,27,40,3339,6573,0,0,0,0
